   Ax_L = 0.231857619704
   Ag_D = 0.299897898768
 
   PeakT = 21
   f_ePeak = 20.833333333333332
   Ns = 21.2897658495
   V1 = 230
   Nph = 3
   Is = 9.95527318916
   Npo = 4
 
   Stator = [0.0076650000000000008, 0.066666666666666666, 42.579531698902066], m, m, nslots
   s = 0.00259875170231
   Topology = 15.0
   WireDensity = 1.0
   Perf = [9.9811444723040132, 5.9771289153161495, 0.32884927318668122, 0.10000000000000001]
   R2 = 0.1